606
606
78084
0 0 2.806732e+03f
0 1 -4.429135e+02f
0 2 -1.120728e+03f
0 3 1.531764e+01f
0 4 1.759241e+03f
0 5 -6.577034e+02f
1 0 -4.429135e+02f
1 1 3.081336e+03f
1 2 -9.141461e+02f
1 3 -1.818501e+03f
1 4 -1.902616e+01f
1 5 8.180499e+02f
2 0 -1.120728e+03f
2 1 -9.141461e+02f
2 2 8.466163e+02f
2 3 6.529377e+02f
2 4 -7.968713e+02f
2 5 3.667532e+00f
3 0 1.531764e+01f
3 1 -1.818501e+03f
3 2 6.529377e+02f
3 3 1.293408e+03f
3 4 9.844078e+00f
3 5 -3.393743e+00f
4 0 1.759241e+03f
4 1 -1.902616e+01f
4 2 -7.968713e+02f
4 3 9.844078e+00f
4 4 1.250046e+03f
4 5 -8.220410e+00f
5 0 -6.577034e+02f
5 1 8.180499e+02f
5 2 3.667532e+00f
5 3 -3.393743e+00f
5 4 -8.220410e+00f
5 5 1.268044e+03f
0 6 -3.240092e+02f
0 7 -1.341953e+01f
0 8 1.367904e+02f
0 9 4.033702e+01f
0 10 -1.992603e+02f
0 11 7.600567e+01f
1 6 -1.431657e+01f
1 7 -4.342856e+02f
1 8 1.683915e+02f
1 9 2.525335e+02f
1 10 -5.875014e+01f
1 11 -1.299176e+02f
2 6 1.417848e+02f
2 7 1.667456e+02f
2 8 -1.203294e+02f
2 9 -1.108879e+02f
2 10 1.056702e+02f
2 11 1.585430e+01f
3 6 4.360629e+01f
3 7 2.598241e+02f
3 8 -1.151303e+02f
3 9 -1.702881e+02f
3 10 4.219782e+01f
3 11 3.056751e+01f
4 6 -1.998411e+02f
4 7 -5.085686e+01f
4 8 1.003546e+02f
4 9 3.580723e+01f
4 10 -1.405085e+02f
4 11 -3.553606e-02f
5 6 7.973042e+01f
5 7 -1.121174e+02f
5 8 9.457258e+00f
5 9 2.000903e+01f
5 10 1.852241e+00f
5 11 -1.449111e+02f
0 12 -8.689835e+02f
0 13 1.072851e+02f
0 14 3.538138e+02f
0 15 2.557676e+01f
0 16 -5.308168e+02f
0 17 2.235745e+02f
1 12 9.728364e+01f
1 13 -9.011395e+02f
1 14 2.644091e+02f
1 15 5.154047e+02f
1 16 -1.934234e+01f
1 17 -2.558694e+02f
2 12 3.604023e+02f
2 13 2.692338e+02f
2 14 -2.543724e+02f
2 15 -1.934272e+02f
2 16 2.481326e+02f
2 17 -1.087502e+01f
3 12 7.525328e+00f
3 13 5.268995e+02f
3 14 -1.836939e+02f
3 15 -3.691861e+02f
3 16 5.077945e+00f
3 17 -9.834335e-01f
4 12 -5.564665e+02f
4 13 -1.057003e+01f
4 14 2.536973e+02f
4 15 1.489053e+01f
4 16 -3.831360e+02f
4 17 1.639516e+01f
5 12 1.692037e+02f
5 13 -2.446718e+02f
5 14 7.552225e+00f
5 15 -9.090337e+00f
5 16 -1.834335e+01f
5 17 -4.010587e+02f
0 78 -3.990787e+02f
0 79 1.465081e+02f
0 80 1.429049e+02f
0 81 -4.990447e+01f
0 82 -2.462282e+02f
0 83 1.135642e+02f
1 78 1.538232e+02f
1 79 -4.829804e+02f
1 80 1.081451e+02f
1 81 2.929952e+02f
1 82 6.744266e+01f
1 83 -1.152793e+02f
2 78 1.364720e+02f
2 79 1.105875e+02f
2 80 -1.106123e+02f
2 81 -8.603955e+01f
2 82 9.464614e+01f
2 83 -1.164254e+01f
3 78 -4.699503e+01f
3 79 2.769147e+02f
3 80 -8.245742e+01f
3 81 -1.985135e+02f
3 82 -3.215826e+01f
3 83 5.143241e+00f
4 78 -2.383755e+02f
4 79 5.019536e+01f
4 80 9.978956e+01f
4 81 -2.575454e+01f
4 82 -1.648217e+02f
4 83 2.175702e+01f
5 78 1.323852e+02f
5 79 -1.486903e+02f
5 80 -8.705630e+00f
5 81 2.756696e+01f
5 82 3.432293e+01f
5 83 -1.609644e+02f
0 84 -7.758744e+02f
0 85 1.094813e+02f
0 86 3.146592e+02f
0 87 4.653263e+00f
0 88 -4.945626e+02f
0 89 1.837889e+02f
1 84 1.152041e+02f
1 85 -7.190923e+02f
1 86 2.228400e+02f
1 87 4.300573e+02f
1 88 5.911356e+00f
1 89 -2.026936e+02f
2 84 3.109165e+02f
2 85 2.172005e+02f
2 86 -2.266129e+02f
2 87 -1.620689e+02f
2 88 2.232554e+02f
2 89 -8.712092e+00f
3 84 2.610677e+01f
3 85 4.220742e+02f
3 86 -1.739527e+02f
3 87 -3.084157e+02f
3 88 1.802693e+01f
3 89 -2.473766e+00f
4 84 -4.698075e+02f
4 85 1.264193e+00f
4 86 2.155768e+02f
4 87 4.412262e+00f
4 88 -3.378470e+02f
4 89 1.188751e+01f
5 84 2.382280e+02f
5 85 -2.088398e+02f
5 86 -2.931808e+01f
5 87 2.209990e+00f
5 88 4.810701e+01f
5 89 -3.255470e+02f
0 204 -3.576216e+01f
0 205 1.161883e+01f
0 206 1.009810e+01f
0 207 -1.651293e+00f
0 208 -1.908610e+01f
0 209 1.603534e+01f
1 204 -4.700819e+00f
1 205 -8.795948e+01f
1 206 3.335456e+01f
1 207 4.939194e+01f
1 208 -1.335335e+01f
1 209 -2.841605e+01f
2 204 1.464010e+01f
2 205 2.690700e+01f
2 206 -1.557773e+01f
2 207 -1.703295e+01f
2 208 1.159047e+01f
2 209 3.939480e+00f
3 204 6.360700e+00f
3 205 4.636890e+01f
3 206 -1.919656e+01f
3 207 -2.810124e+01f
3 208 7.879274e+00f
3 209 9.838238e+00f
4 204 -2.134711e+01f
4 205 -4.637171e+00f
4 206 1.018293e+01f
4 207 3.957008e+00f
4 208 -1.419244e+01f
4 209 1.863440e+00f
5 204 8.366089e+00f
5 205 -3.552905e+01f
5 206 9.306128e+00f
5 207 1.447722e+01f
5 208 -3.299587e+00f
5 209 -2.532469e+01f
0 312 -5.227032e+01f
0 313 1.827675e+01f
0 314 1.711884e+01f
0 315 3.680326e+00f
0 316 -2.408868e+01f
0 317 3.735880e+01f
1 312 1.870698e+01f
1 313 -5.795959e+01f
1 314 1.078668e+01f
1 315 2.653247e+01f
1 316 2.922668e+00f
1 317 -3.057598e+01f
2 312 1.621603e+01f
2 313 1.035416e+01f
2 314 -1.065238e+01f
2 315 -9.934686e+00f
2 316 9.237091e+00f
2 317 -6.385727e+00f
3 312 1.902442e+00f
3 313 2.749722e+01f
3 314 -9.817088e+00f
3 315 -1.781712e+01f
3 316 2.073380e+00f
3 317 2.669772e+00f
4 312 -2.391775e+01f
4 313 3.795275e+00f
4 314 9.456915e+00f
4 315 2.617073e+00f
4 316 -1.284849e+01f
4 317 1.209267e+01f
5 312 3.368456e+01f
5 313 -2.681877e+01f
5 314 -5.844151e+00f
5 315 9.645903e-02f
5 316 9.289837e+00f
5 317 -4.194342e+01f
0 456 -2.212083e+02f
0 457 4.005141e+01f
0 458 9.569038e+01f
0 459 5.529409e+00f
0 460 -1.311977e+02f
0 461 6.794004e+01f
1 456 5.983158e+01f
1 457 -3.302710e+02f
1 458 8.730232e+01f
1 459 2.073095e+02f
1 460 2.479780e+01f
1 461 -4.887788e+01f
2 456 8.823406e+01f
2 457 9.766576e+01f
2 458 -7.860011e+01f
2 459 -7.624701e+01f
2 460 5.635372e+01f
2 461 -1.563971e+01f
3 456 -1.356979e+01f
3 457 2.136737e+02f
3 458 -6.905164e+01f
3 459 -1.597590e+02f
3 460 -1.662341e+01f
3 461 -1.986004e+01f
4 456 -1.350508e+02f
4 457 1.508088e+01f
4 458 6.171531e+01f
4 459 -6.359342e+00f
4 460 -9.172895e+01f
4 461 8.676601e+00f
5 456 5.870910e+01f
5 457 -3.733361e+01f
5 458 -1.602741e+01f
5 459 -2.879533e+01f
5 460 2.078452e+00f
5 461 -1.107314e+02f
0 474 -6.629923e-01f
0 475 7.850261e-02f
0 476 2.598651e-01f
0 477 0.000000e+00f
0 478 -3.890527e-01f
0 479 1.182855e-01f
1 474 7.850261e-02f
1 475 -7.186644e-01f
1 476 1.818333e-01f
1 477 3.890527e-01f
1 478 0.000000e+00f
1 479 -1.673629e-01f
2 474 2.598651e-01f
2 475 1.818333e-01f
2 476 -1.674266e-01f
2 477 -1.182855e-01f
2 478 1.673629e-01f
2 479 0.000000e+00f
3 474 0.000000e+00f
3 475 3.890527e-01f
3 476 -1.182855e-01f
3 477 -2.515055e-01f
3 478 0.000000e+00f
3 479 0.000000e+00f
4 474 -3.890527e-01f
4 475 0.000000e+00f
4 476 1.673629e-01f
4 477 0.000000e+00f
4 478 -2.515055e-01f
4 479 0.000000e+00f
5 474 1.182855e-01f
5 475 -1.673629e-01f
5 476 0.000000e+00f
5 477 0.000000e+00f
5 478 0.000000e+00f
5 479 -2.515055e-01f
0 492 -3.872380e-01f
0 493 4.369265e-02f
0 494 1.625672e-01f
0 495 0.000000e+00f
0 496 -2.302693e-01f
0 497 6.338731e-02f
1 492 4.369265e-02f
1 493 -4.329279e-01f
1 494 9.642903e-02f
1 495 2.302693e-01f
1 496 0.000000e+00f
1 497 -1.042205e-01f
2 492 1.625672e-01f
2 493 9.642903e-02f
2 494 -1.013878e-01f
2 495 -6.338731e-02f
2 496 1.042205e-01f
2 497 0.000000e+00f
3 492 0.000000e+00f
3 493 2.302693e-01f
3 494 -6.338731e-02f
3 495 -1.488396e-01f
3 496 0.000000e+00f
3 497 0.000000e+00f
4 492 -2.302693e-01f
4 493 0.000000e+00f
4 494 1.042205e-01f
4 495 0.000000e+00f
4 496 -1.488396e-01f
4 497 0.000000e+00f
5 492 6.338731e-02f
5 493 -1.042205e-01f
5 494 0.000000e+00f
5 495 0.000000e+00f
5 496 0.000000e+00f
5 497 -1.488396e-01f
0 510 -1.141350e+00f
0 511 1.688126e-01f
0 512 5.066205e-01f
0 513 0.000000e+00f
0 514 -6.929646e-01f
0 515 2.326508e-01f
1 510 1.688126e-01f
1 511 -1.277366e+00f
1 512 3.433681e-01f
1 513 6.929646e-01f
1 514 0.000000e+00f
1 515 -3.409679e-01f
2 510 5.066205e-01f
2 511 3.433681e-01f
2 512 -3.667442e-01f
2 513 -2.326508e-01f
2 514 3.409679e-01f
2 515 0.000000e+00f
3 510 0.000000e+00f
3 511 6.929646e-01f
3 512 -2.326508e-01f
3 513 -4.692423e-01f
3 514 0.000000e+00f
3 515 0.000000e+00f
4 510 -6.929646e-01f
4 511 0.000000e+00f
4 512 3.409679e-01f
4 513 0.000000e+00f
4 514 -4.692423e-01f
4 515 0.000000e+00f
5 510 2.326508e-01f
5 511 -3.409679e-01f
5 512 0.000000e+00f
5 513 0.000000e+00f
5 514 0.000000e+00f
5 515 -4.692423e-01f
0 516 -2.328028e+00f
0 517 3.256136e-01f
0 518 9.550429e-01f
0 519 0.000000e+00f
0 520 -1.447782e+00f
0 521 4.943212e-01f
1 516 3.256136e-01f
1 517 -2.522489e+00f
1 518 7.110333e-01f
1 519 1.447782e+00f
1 520 0.000000e+00f
1 521 -6.630713e-01f
2 516 9.550429e-01f
2 517 7.110333e-01f
2 518 -6.804743e-01f
2 519 -4.943212e-01f
2 520 6.630713e-01f
2 521 0.000000e+00f
3 516 0.000000e+00f
3 517 1.447782e+00f
3 518 -4.943212e-01f
3 519 -1.005977e+00f
3 520 0.000000e+00f
3 521 0.000000e+00f
4 516 -1.447782e+00f
4 517 0.000000e+00f
4 518 6.630713e-01f
4 519 0.000000e+00f
4 520 -1.005977e+00f
4 521 0.000000e+00f
5 516 4.943212e-01f
5 517 -6.630713e-01f
5 518 0.000000e+00f
5 519 0.000000e+00f
5 520 0.000000e+00f
5 521 -1.005977e+00f
0 522 -1.666069e+00f
0 523 2.019838e-01f
0 524 5.811641e-01f
0 525 0.000000e+00f
0 526 -1.022525e+00f
0 527 3.540081e-01f
1 522 2.019838e-01f
1 523 -1.720408e+00f
1 524 5.145509e-01f
1 525 1.022525e+00f
1 526 0.000000e+00f
1 527 -4.015769e-01f
2 522 5.811641e-01f
2 523 5.145509e-01f
2 524 -4.105890e-01f
2 525 -3.540081e-01f
2 526 4.015769e-01f
2 527 0.000000e+00f
3 522 0.000000e+00f
3 523 1.022525e+00f
3 524 -3.540081e-01f
3 525 -7.035682e-01f
3 526 0.000000e+00f
3 527 0.000000e+00f
4 522 -1.022525e+00f
4 523 0.000000e+00f
4 524 4.015769e-01f
4 525 0.000000e+00f
4 526 -7.035682e-01f
4 527 0.000000e+00f
5 522 3.540081e-01f
5 523 -4.015769e-01f
5 524 0.000000e+00f
5 525 0.000000e+00f
5 526 0.000000e+00f
5 527 -7.035682e-01f
0 528 -3.096409e-01f
0 529 3.017144e-02f
0 530 8.740120e-02f
0 531 0.000000e+00f
0 532 -1.888859e-01f
0 533 6.393459e-02f
1 528 3.017144e-02f
1 529 -3.099792e-01f
1 530 9.382220e-02f
1 531 1.888859e-01f
1 532 0.000000e+00f
1 533 -6.051178e-02f
2 528 8.740120e-02f
2 529 9.382220e-02f
2 530 -6.388532e-02f
2 531 -6.393459e-02f
2 532 6.051178e-02f
2 533 0.000000e+00f
3 528 0.000000e+00f
3 529 1.888859e-01f
3 530 -6.393459e-02f
3 531 -1.286604e-01f
3 532 0.000000e+00f
3 533 0.000000e+00f
4 528 -1.888859e-01f
4 529 0.000000e+00f
4 530 6.051178e-02f
4 531 0.000000e+00f
4 532 -1.286604e-01f
4 533 0.000000e+00f
5 528 6.393459e-02f
5 529 -6.051178e-02f
5 530 0.000000e+00f
5 531 0.000000e+00f
5 532 0.000000e+00f
5 533 -1.286604e-01f
0 534 -5.023761e-01f
0 535 4.849948e-02f
0 536 1.743484e-01f
0 537 0.000000e+00f
0 538 -3.185940e-01f
0 539 8.401313e-02f
1 534 4.849948e-02f
1 535 -5.348042e-01f
1 536 1.213916e-01f
1 537 3.185940e-01f
1 538 0.000000e+00f
1 539 -1.199467e-01f
2 534 1.743484e-01f
2 535 1.213916e-01f
2 536 -1.030988e-01f
2 537 -8.401313e-02f
2 538 1.199467e-01f
2 539 0.000000e+00f
3 534 0.000000e+00f
3 535 3.185940e-01f
3 536 -8.401313e-02f
3 537 -2.177143e-01f
3 538 0.000000e+00f
3 539 0.000000e+00f
4 534 -3.185940e-01f
4 535 0.000000e+00f
4 536 1.199467e-01f
4 537 0.000000e+00f
4 538 -2.177143e-01f
4 539 0.000000e+00f
5 534 8.401313e-02f
5 535 -1.199467e-01f
5 536 0.000000e+00f
5 537 0.000000e+00f
5 538 0.000000e+00f
5 539 -2.177143e-01f
0 570 -2.347194e+00f
0 571 3.658105e-01f
0 572 9.716637e-01f
0 573 0.000000e+00f
0 574 -1.486230e+00f
0 575 5.588960e-01f
1 570 3.658105e-01f
1 571 -2.515916e+00f
1 572 7.726888e-01f
1 573 1.486230e+00f
1 574 0.000000e+00f
1 575 -7.026995e-01f
2 570 9.716637e-01f
2 571 7.726888e-01f
2 572 -7.508789e-01f
2 573 -5.588960e-01f
2 574 7.026995e-01f
2 575 0.000000e+00f
3 570 0.000000e+00f
3 571 1.486230e+00f
3 572 -5.588960e-01f
3 573 -1.074493e+00f
3 574 0.000000e+00f
3 575 0.000000e+00f
4 570 -1.486230e+00f
4 571 0.000000e+00f
4 572 7.026995e-01f
4 573 0.000000e+00f
4 574 -1.074493e+00f
4 575 0.000000e+00f
5 570 5.588960e-01f
5 571 -7.026995e-01f
5 572 0.000000e+00f
5 573 0.000000e+00f
5 574 0.000000e+00f
5 575 -1.074493e+00f
6 0 -3.240092e+02f
6 1 -1.431657e+01f
6 2 1.417848e+02f
6 3 4.360629e+01f
6 4 -1.998411e+02f
6 5 7.973042e+01f
7 0 -1.341953e+01f
7 1 -4.342856e+02f
7 2 1.667456e+02f
7 3 2.598241e+02f
7 4 -5.085686e+01f
7 5 -1.121174e+02f
8 0 1.367904e+02f
8 1 1.683915e+02f
8 2 -1.203294e+02f
8 3 -1.151303e+02f
8 4 1.003546e+02f
8 5 9.457258e+00f
9 0 4.033702e+01f
9 1 2.525335e+02f
9 2 -1.108879e+02f
9 3 -1.702881e+02f
9 4 3.580723e+01f
9 5 2.000903e+01f
10 0 -1.992603e+02f
10 1 -5.875014e+01f
10 2 1.056702e+02f
10 3 4.219782e+01f
10 4 -1.405085e+02f
10 5 1.852241e+00f
11 0 7.600567e+01f
11 1 -1.299176e+02f
11 2 1.585430e+01f
11 3 3.056751e+01f
11 4 -3.553606e-02f
11 5 -1.449111e+02f
6 6 2.615518e+03f
6 7 -2.975361e+02f
6 8 -8.832947e+02f
6 9 -4.967234e+01f
6 10 1.556309e+03f
6 11 -6.712097e+02f
7 6 -2.975361e+02f
7 7 2.991170e+03f
7 8 -1.012472e+03f
7 9 -1.787510e+03f
7 10 7.324307e+01f
7 11 7.409784e+02f
8 6 -8.832947e+02f
8 7 -1.012472e+03f
8 8 7.214312e+02f
8 9 6.928376e+02f
8 10 -6.211056e+02f
8 11 -2.341473e+01f
9 6 -4.967234e+01f
9 7 -1.787510e+03f
9 8 6.928376e+02f
9 9 1.208082e+03f
9 10 -6.489716e+01f
9 11 -7.909399e+01f
10 6 1.556309e+03f
10 7 7.324307e+01f
10 8 -6.211056e+02f
10 9 -6.489716e+01f
10 10 1.063564e+03f
10 11 -3.613840e+01f
11 6 -6.712097e+02f
11 7 7.409784e+02f
11 8 -2.341473e+01f
11 9 -7.909399e+01f
11 10 -3.613840e+01f
11 11 1.139574e+03f
6 12 -2.324446e+02f
6 13 -8.772495e+01f
6 14 1.272776e+02f
6 15 7.900669e+01f
6 16 -1.464360e+02f
6 17 4.424900e+01f
7 12 -1.749037e+01f
7 13 -2.702883e+02f
7 14 1.030428e+02f
7 15 1.590650e+02f
7 16 -3.617958e+01f
7 17 -6.914713e+01f
8 12 1.011443e+02f
8 13 1.325216e+02f
8 14 -8.902282e+01f
8 15 -8.906229e+01f
8 16 7.289668e+01f
8 17 7.089818e+00f
9 12 4.116193e+01f
9 13 1.751251e+02f
9 14 -7.930407e+01f
9 15 -1.155243e+02f
9 16 3.353635e+01f
9 17 1.499139e+01f
10 12 -1.352998e+02f
10 13 -7.206727e+01f
10 14 8.143681e+01f
10 15 5.054116e+01f
10 16 -9.396246e+01f
10 17 1.644614e+00f
11 12 7.250372e+01f
11 13 -3.141289e+01f
11 14 -1.921612e+01f
11 15 -1.184196e+01f
11 16 2.153181e+01f
11 17 -8.090117e+01f
6 78 -3.667645e+00f
6 79 9.551428e+00f
6 80 -3.035501e+00f
6 81 -3.294675e+00f
6 82 5.169615e-01f
6 83 8.176093e+00f
7 78 5.922320e-01f
7 79 -3.585816e+01f
7 80 1.424339e+01f
7 81 1.983626e+01f
7 82 -4.796799e+00f
7 83 -1.311179e+01f
8 78 2.014064e+00f
8 79 1.025685e+01f
8 80 -4.756500e+00f
8 81 -6.550304e+00f
8 82 2.190762e+00f
8 83 1.728401e+00f
9 78 1.539830e+00f
9 79 2.291219e+01f
9 80 -9.967062e+00f
9 81 -1.304214e+01f
9 82 3.972682e+00f
9 83 7.191356e+00f
10 78 -1.357873e+00f
10 79 4.249132e+00f
10 80 -1.660143e+00f
10 81 -1.108110e+00f
10 82 5.679036e-01f
10 83 4.082767e+00f
11 78 4.196765e+00f
11 79 -6.241431e+00f
11 80 6.839076e-01f
11 81 3.139820e+00f
11 82 1.390214e+00f
11 83 -4.070135e+00f
6 84 -2.942322e+02f
6 85 1.175077e+02f
6 86 7.898698e+01f
6 87 -3.137093e+01f
6 88 -1.629754e+02f
6 89 1.238635e+02f
7 84 6.652102e+00f
7 85 -4.200179e+02f
7 86 1.629774e+02f
7 87 2.504200e+02f
7 88 -4.347457e+01f
7 89 -1.219075e+02f
8 84 1.171791e+02f
8 85 1.161765e+02f
8 86 -9.600333e+01f
8 87 -8.481879e+01f
8 88 8.362296e+01f
8 89 -2.243281e+00f
9 84 2.621517e+01f
9 85 2.230169e+02f
9 86 -9.945258e+01f
9 87 -1.524387e+02f
9 88 2.671702e+01f
9 89 1.912177e+01f
10 84 -1.792212e+02f
10 85 1.094822e+01f
10 86 7.195226e+01f
10 87 2.157119e+00f
10 88 -1.199671e+02f
10 89 2.273673e+01f
11 84 7.713775e+01f
11 85 -1.859895e+02f
11 86 4.007037e+01f
11 87 6.301624e+01f
11 88 -9.741851e+00f
11 89 -1.664803e+02f
6 204 -9.019690e+02f
6 205 1.466408e+02f
6 206 2.706134e+02f
6 207 -1.161324e+01f
6 208 -5.214081e+02f
6 209 2.426534e+02f
7 204 1.311724e+02f
7 205 -8.405193e+02f
7 206 2.569749e+02f
7 207 4.914750e+02f
7 208 1.203641e+01f
7 209 -2.115061e+02f
8 204 2.867884e+02f
8 205 2.605299e+02f
8 206 -1.974455e+02f
8 207 -1.800840e+02f
8 208 1.897441e+02f
8 209 -1.116471e+01f
9 204 3.006675e+00f
9 205 4.849514e+02f
9 206 -1.766016e+02f
9 207 -3.272024e+02f
9 208 2.243588e+00f
9 209 3.902860e-01f
10 204 -5.261440e+02f
10 205 7.169255e+00f
10 206 1.862776e+02f
10 207 3.108723e+00f
10 208 -3.477484e+02f
10 209 2.125042e+01f
11 204 2.510354e+02f
11 205 -2.492600e+02f
11 206 7.297983e-02f
11 207 2.926377e+01f
11 208 2.919686e+01f
11 209 -3.880194e+02f
6 210 -1.988978e+02f
6 211 5.686366e+01f
6 212 4.679066e+01f
6 213 -9.835470e+00f
6 214 -1.018761e+02f
6 215 8.907393e+01f
7 210 6.790721e+01f
7 211 -3.716110e+02f
7 212 1.166492e+02f
7 213 2.096712e+02f
7 214 -1.786326e+00f
7 215 -1.287647e+02f
8 210 4.171061e+01f
8 211 1.200386e+02f
8 212 -5.981022e+01f
8 213 -7.566198e+01f
8 214 3.469382e+01f
8 215 1.696466e+01f
9 210 -1.876453e+01f
9 211 2.198011e+02f
9 212 -7.611988e+01f
9 213 -1.294423e+02f
9 214 9.823775e+00f
9 215 6.159453e+01f
10 210 -1.048877e+02f
10 211 2.725018e+00f
10 212 3.533277e+01f
10 213 7.489698e+00f
10 214 -5.994801e+01f
10 215 3.133063e+01f
11 210 7.870837e+01f
11 211 -9.600356e+01f
11 212 9.928329e+00f
11 213 3.768804e+01f
11 214 2.319240e+01f
11 215 -7.871890e+01f
6 312 -1.070561e+02f
6 313 -6.782799e+00f
6 314 4.460015e+01f
6 315 1.838153e+01f
6 316 -6.004922e+01f
6 317 3.483699e+01f
7 312 -2.257448e+01f
7 313 -4.909689e+01f
7 314 2.596457e+01f
7 315 3.599285e+01f
7 316 -1.317234e+01f
7 317 6.171590e+00f
8 312 5.033897e+01f
8 313 1.777513e+01f
8 314 -2.618810e+01f
8 315 -1.877537e+01f
8 316 2.823976e+01f
8 317 -1.655257e+01f
9 312 3.105087e+01f
9 313 3.035848e+01f
9 314 -2.292475e+01f
9 315 -2.828295e+01f
9 316 1.456236e+01f
9 317 -1.900377e+01f
10 312 -5.837116e+01f
10 313 -6.101946e+00f
10 314 2.511555e+01f
10 315 8.602029e+00f
10 316 -3.538239e+01f
10 317 1.112911e+01f
11 312 3.964685e+01f
11 313 -5.364020e+00f
11 314 -1.393788e+01f
11 315 -1.088389e+01f
11 316 1.425660e+01f
11 317 -3.698351e+01f
6 318 -1.703537e+02f
6 319 6.412768e+01f
6 320 4.217181e+01f
6 321 -6.422117e+00f
6 322 -8.207710e+01f
6 323 9.876200e+01f
7 318 2.892641e+01f
7 319 -1.187937e+02f
7 320 2.995280e+01f
7 321 6.465937e+01f
7 322 5.811987e+00f
7 323 -4.032613e+01f
8 318 5.268403e+01f
8 319 1.668153e+01f
8 320 -2.574765e+01f
8 321 -1.973563e+01f
8 322 2.804310e+01f
8 323 -2.299510e+01f
9 318 9.910989e+00f
9 319 6.037015e+01f
9 320 -2.441715e+01f
9 321 -3.899244e+01f
9 322 7.704388e+00f
9 323 4.189866e+00f
10 318 -8.640392e+01f
10 319 2.558879e+01f
10 320 2.398279e+01f
10 321 -2.464133e-01f
10 322 -4.367714e+01f
10 323 4.583996e+01f
11 318 7.890382e+01f
11 319 -5.140621e+01f
11 320 -1.165838e+01f
11 321 1.122013e+01f
11 322 3.098037e+01f
11 323 -6.230809e+01f
6 450 -2.480524e+02f
6 451 -8.993176e+01f
6 452 1.190985e+02f
6 453 6.745309e+01f
6 454 -1.638463e+02f
6 455 1.558923e+01f
7 450 3.845560e+01f
7 451 -3.465719e+02f
7 452 1.269366e+02f
7 453 2.079394e+02f
7 454 -9.925198e+00f
7 455 -8.971310e+01f
8 450 7.162492e+01f
8 451 1.701026e+02f
8 452 -9.270603e+01f
8 453 -1.066550e+02f
8 454 6.172514e+01f
8 455 3.100495e+01f
9 450 -1.955090e+00f
9 451 2.232693e+02f
9 452 -8.945605e+01f
9 453 -1.438622e+02f
9 454 1.026414e+01f
9 455 2.824845e+01f
10 450 -1.434332e+02f
10 451 -8.037158e+01f
10 452 8.034299e+01f
10 453 4.628659e+01f
10 454 -1.095043e+02f
10 455 -2.783261e+01f
11 450 6.924477e+01f
11 451 -4.495037e+01f
11 452 -5.040439e+00f
11 453 -1.444856e+00f
11 454 8.706052e+00f
11 455 -9.695899e+01f
6 474 -6.266276e-01f
6 475 6.995652e-02f
6 476 2.266833e-01f
6 477 0.000000e+00f
6 478 -3.615390e-01f
6 479 1.140453e-01f
7 474 6.995652e-02f
7 475 -6.599296e-01f
7 476 1.769141e-01f
7 477 3.615390e-01f
7 478 0.000000e+00f
7 479 -1.434937e-01f
8 474 2.266833e-01f
8 475 1.769141e-01f
8 476 -1.473107e-01f
8 477 -1.140453e-01f
8 478 1.434937e-01f
8 479 0.000000e+00f
9 474 0.000000e+00f
9 475 3.615390e-01f
9 476 -1.140453e-01f
9 477 -2.309702e-01f
9 478 0.000000e+00f
9 479 0.000000e+00f
10 474 -3.615390e-01f
10 475 0.000000e+00f
10 476 1.434937e-01f
10 477 0.000000e+00f
10 478 -2.309702e-01f
10 479 0.000000e+00f
11 474 1.140453e-01f
11 475 -1.434937e-01f
11 476 0.000000e+00f
11 477 0.000000e+00f
11 478 0.000000e+00f
11 479 -2.309702e-01f
6 504 -8.000901e-01f
6 505 7.619915e-02f
6 506 1.958497e-01f
6 507 0.000000e+00f
6 508 -4.634470e-01f
6 509 1.817253e-01f
7 504 7.619915e-02f
7 505 -7.545415e-01f
7 506 2.720895e-01f
7 507 4.634470e-01f
7 508 0.000000e+00f
7 509 -1.325227e-01f
8 504 1.958497e-01f
8 505 2.720895e-01f
8 506 -1.681932e-01f
8 507 -1.817253e-01f
8 508 1.325227e-01f
8 509 0.000000e+00f
9 504 0.000000e+00f
9 505 4.634470e-01f
9 506 -1.817253e-01f
9 507 -3.102557e-01f
9 508 0.000000e+00f
9 509 0.000000e+00f
10 504 -4.634470e-01f
10 505 0.000000e+00f
10 506 1.325227e-01f
10 507 0.000000e+00f
10 508 -3.102557e-01f
10 509 0.000000e+00f
11 504 1.817253e-01f
11 505 -1.325227e-01f
11 506 0.000000e+00f
11 507 0.000000e+00f
11 508 0.000000e+00f
11 509 -3.102557e-01f
6 510 -6.878483e-01f
6 511 9.608235e-02f
6 512 2.817611e-01f
6 513 0.000000e+00f
6 514 -4.098668e-01f
6 515 1.423412e-01f
7 510 9.608235e-02f
7 511 -7.461519e-01f
7 512 2.123729e-01f
7 513 4.098668e-01f
7 514 0.000000e+00f
7 515 -1.870779e-01f
8 510 2.817611e-01f
8 511 2.123729e-01f
8 512 -2.065967e-01f
8 513 -1.423412e-01f
8 514 1.870779e-01f
8 515 0.000000e+00f
9 510 0.000000e+00f
9 511 4.098668e-01f
9 512 -1.423412e-01f
9 513 -2.741246e-01f
9 514 0.000000e+00f
9 515 0.000000e+00f
10 510 -4.098668e-01f
10 511 0.000000e+00f
10 512 1.870779e-01f
10 513 0.000000e+00f
10 514 -2.741246e-01f
10 515 0.000000e+00f
11 510 1.423412e-01f
11 511 -1.870779e-01f
11 512 0.000000e+00f
11 513 0.000000e+00f
11 514 0.000000e+00f
11 515 -2.741246e-01f
6 516 -1.880250e+00f
6 517 2.472500e-01f
6 518 7.057998e-01f
6 519 0.000000e+00f
6 520 -1.146170e+00f
6 521 4.048426e-01f
7 516 2.472500e-01f
7 517 -1.971571e+00f
7 518 5.895937e-01f
7 519 1.146170e+00f
7 520 0.000000e+00f
7 521 -4.835650e-01f
8 516 7.057998e-01f
8 517 5.895937e-01f
8 518 -5.099643e-01f
8 519 -4.048426e-01f
8 520 4.835650e-01f
8 521 0.000000e+00f
9 516 0.000000e+00f
9 517 1.146170e+00f
9 518 -4.048426e-01f
9 519 -7.863452e-01f
9 520 0.000000e+00f
9 521 0.000000e+00f
10 516 -1.146170e+00f
10 517 0.000000e+00f
10 518 4.835650e-01f
10 519 0.000000e+00f
10 520 -7.863452e-01f
10 521 0.000000e+00f
11 516 4.048426e-01f
11 517 -4.835650e-01f
11 518 0.000000e+00f
11 519 0.000000e+00f
11 520 0.000000e+00f
11 521 -7.863452e-01f
6 522 -2.429185e+00f
6 523 2.760431e-01f
6 524 7.692311e-01f
6 525 0.000000e+00f
6 526 -1.462259e+00f
6 527 5.232206e-01f
7 522 2.760431e-01f
7 523 -2.429247e+00f
7 524 7.693312e-01f
7 525 1.462259e+00f
7 526 0.000000e+00f
7 527 -5.231958e-01f
8 522 7.692311e-01f
8 523 7.693312e-01f
8 524 -5.520898e-01f
8 525 -5.232206e-01f
8 526 5.231958e-01f
8 527 0.000000e+00f
9 522 0.000000e+00f
9 523 1.462259e+00f
9 524 -5.232206e-01f
9 525 -9.935496e-01f
9 526 0.000000e+00f
9 527 0.000000e+00f
10 522 -1.462259e+00f
10 523 0.000000e+00f
10 524 5.231958e-01f
10 525 0.000000e+00f
10 526 -9.935496e-01f
10 527 0.000000e+00f
11 522 5.232206e-01f
11 523 -5.231958e-01f
11 524 0.000000e+00f
11 525 0.000000e+00f
11 526 0.000000e+00f
11 527 -9.935496e-01f
6 528 -8.286145e-01f
6 529 7.515335e-02f
6 530 2.093633e-01f
6 531 0.000000e+00f
6 532 -4.959537e-01f
6 533 1.736185e-01f
7 528 7.515335e-02f
7 529 -8.037443e-01f
7 530 2.576360e-01f
7 531 4.959537e-01f
7 532 0.000000e+00f
7 533 -1.421769e-01f
8 528 2.093633e-01f
8 529 2.576360e-01f
8 530 -1.563541e-01f
8 531 -1.736185e-01f
8 532 1.421769e-01f
8 533 0.000000e+00f
9 528 0.000000e+00f
9 529 4.959537e-01f
9 530 -1.736185e-01f
9 531 -3.336369e-01f
9 532 0.000000e+00f
9 533 0.000000e+00f
10 528 -4.959537e-01f
10 529 0.000000e+00f
10 530 1.421769e-01f
10 531 0.000000e+00f
10 532 -3.336369e-01f
10 533 0.000000e+00f
11 528 1.736185e-01f
11 529 -1.421769e-01f
11 530 0.000000e+00f
11 531 0.000000e+00f
11 532 0.000000e+00f
11 533 -3.336369e-01f
6 534 -5.853227e-01f
6 535 5.241350e-02f
6 536 1.838657e-01f
6 537 0.000000e+00f
6 538 -3.637402e-01f
6 539 1.004844e-01f
7 534 5.241350e-02f
7 535 -6.029421e-01f
7 536 1.474222e-01f
7 537 3.637402e-01f
7 538 0.000000e+00f
7 539 -1.243971e-01f
8 534 1.838657e-01f
8 535 1.474222e-01f
8 536 -1.093954e-01f
8 537 -1.004844e-01f
8 538 1.243971e-01f
8 539 0.000000e+00f
9 534 0.000000e+00f
9 535 3.637402e-01f
9 536 -1.004844e-01f
9 537 -2.454770e-01f
9 538 0.000000e+00f
9 539 0.000000e+00f
10 534 -3.637402e-01f
10 535 0.000000e+00f
10 536 1.243971e-01f
10 537 0.000000e+00f
10 538 -2.454770e-01f
10 539 0.000000e+00f
11 534 1.004844e-01f
11 535 -1.243971e-01f
11 536 0.000000e+00f
11 537 0.000000e+00f
11 538 0.000000e+00f
11 539 -2.454770e-01f
6 570 -1.867100e+00f
6 571 2.734521e-01f
6 572 7.038597e-01f
6 573 0.000000e+00f
6 574 -1.157221e+00f
6 575 4.488226e-01f
7 570 2.734521e-01f
7 571 -1.933031e+00f
7 572 6.292214e-01f
7 573 1.157221e+00f
7 574 0.000000e+00f
7 575 -5.034785e-01f
8 570 7.038597e-01f
8 571 6.292214e-01f
8 572 -5.539348e-01f
8 573 -4.488226e-01f
8 574 5.034785e-01f
8 575 0.000000e+00f
9 570 0.000000e+00f
9 571 1.157221e+00f
9 572 -4.488226e-01f
9 573 -8.256411e-01f
9 574 0.000000e+00f
9 575 0.000000e+00f
10 570 -1.157221e+00f
10 571 0.000000e+00f
10 572 5.034785e-01f
10 573 0.000000e+00f
10 574 -8.256411e-01f
10 575 0.000000e+00f
11 570 4.488226e-01f
11 571 -5.034785e-01f
11 572 0.000000e+00f
11 573 0.000000e+00f
11 574 0.000000e+00f
11 575 -8.256411e-01f
12 0 -8.689835e+02f
12 1 9.728364e+01f
12 2 3.604023e+02f
12 3 7.525328e+00f
12 4 -5.564665e+02f
12 5 1.692037e+02f
13 0 1.072851e+02f
13 1 -9.011395e+02f
13 2 2.692338e+02f
13 3 5.268995e+02f
13 4 -1.057003e+01f
13 5 -2.446718e+02f
14 0 3.538138e+02f
14 1 2.644091e+02f
14 2 -2.543724e+02f
14 3 -1.836939e+02f
14 4 2.536973e+02f
14 5 7.552225e+00f
15 0 2.557676e+01f
15 1 5.154047e+02f
15 2 -1.934272e+02f
15 3 -3.691861e+02f
15 4 1.489053e+01f
15 5 -9.090337e+00f
16 0 -5.308168e+02f
16 1 -1.934234e+01f
16 2 2.481326e+02f
16 3 5.077945e+00f
16 4 -3.831360e+02f
16 5 -1.834335e+01f
17 0 2.235745e+02f
17 1 -2.558694e+02f
17 2 -1.087502e+01f
17 3 -9.834335e-01f
17 4 1.639516e+01f
17 5 -4.010587e+02f
12 6 -2.324446e+02f
12 7 -1.749037e+01f
12 8 1.011443e+02f
12 9 4.116193e+01f
12 10 -1.352998e+02f
12 11 7.250372e+01f
13 6 -8.772495e+01f
13 7 -2.702883e+02f
13 8 1.325216e+02f
13 9 1.751251e+02f
13 10 -7.206727e+01f
13 11 -3.141289e+01f
14 6 1.272776e+02f
14 7 1.030428e+02f
14 8 -8.902282e+01f
14 9 -7.930407e+01f
14 10 8.143681e+01f
14 11 -1.921612e+01f
15 6 7.900669e+01f
15 7 1.590650e+02f
15 8 -8.906229e+01f
15 9 -1.155243e+02f
15 10 5.054116e+01f
15 11 -1.184196e+01f
16 6 -1.464360e+02f
16 7 -3.617958e+01f
16 8 7.289668e+01f
16 9 3.353635e+01f
16 10 -9.396246e+01f
16 11 2.153181e+01f
17 6 4.424900e+01f
17 7 -6.914713e+01f
17 8 7.089818e+00f
17 9 1.499139e+01f
17 10 1.644614e+00f
17 11 -8.090117e+01f
12 12 2.571675e+03f
12 13 -4.312241e+02f
12 14 -1.008766e+03f
12 15 4.164396e+00f
12 16 1.564496e+03f
12 17 -6.586719e+02f
13 12 -4.312241e+02f
13 13 2.776846e+03f
13 14 -7.525731e+02f
13 15 -1.598409e+03f
13 16 -4.809163e+01f
13 17 7.392603e+02f
14 12 -1.008766e+03f
14 13 -7.525731e+02f
14 14 7.130065e+02f
14 15 5.439855e+02f
14 16 -6.873818e+02f
14 17 4.381242e+01f
15 12 4.164396e+00f
15 13 -1.598409e+03f
15 14 5.439855e+02f
15 15 1.110738e+03f
15 16 1.547412e+00f
15 17 -4.127529e+00f
16 12 1.564496e+03f
16 13 -4.809163e+01f
16 14 -6.873818e+02f
16 15 1.547412e+00f
16 16 1.065256e+03f
16 17 -7.093767e+01f
17 12 -6.586719e+02f
17 13 7.392603e+02f
17 14 4.381242e+01f
17 15 -4.127529e+00f
17 16 -7.093767e+01f
17 17 1.135388e+03f
12 78 -1.927090e+02f
12 79 1.154658e+02f
12 80 5.090677e+01f
12 81 -3.734727e+01f
12 82 -1.030101e+02f
12 83 9.244676e+01f
13 78 1.455508e+02f
13 79 -2.297289e+02f
13 80 1.129930e+01f
13 81 1.185077e+02f
13 82 7.073515e+01f
13 83 -9.238390e+01f
14 78 4.292151e+01f
14 79 2.856712e+01f
14 80 -3.059994e+01f
14 81 -2.575013e+01f
14 82 2.603618e+01f
14 83 -1.113863e+01f
15 78 -5.816359e+01f
15 79 1.270082e+02f
15 80 -1.719324e+01f
15 81 -7.734035e+01f
15 82 -3.183197e+01f
15 83 2.686386e+01f
16 78 -1.042305e+02f
16 79 5.423748e+01f
16 80 3.024928e+01f
16 81 -2.073062e+01f
16 82 -6.020604e+01f
16 83 3.688669e+01f
17 78 9.324284e+01f
17 79 -7.571338e+01f
17 80 -1.831714e+01f
17 81 1.564290e+01f
17 82 3.842345e+01f
17 83 -7.880266e+01f
12 84 -3.393869e+02f
12 85 6.323454e+01f
12 86 1.307000e+02f
12 87 2.247179e+01f
12 88 -1.879803e+02f
12 89 1.493674e+02f
13 84 6.944994e+01f
13 85 -2.737881e+02f
13 86 6.853197e+01f
13 87 1.525678e+02f
13 88 1.462018e+01f
13 89 -9.610538e+01f
14 84 1.284376e+02f
14 85 7.110324e+01f
14 86 -8.442628e+01f
14 87 -6.590904e+01f
14 88 7.986027e+01f
14 89 -3.272886e+01f
15 84 2.842534e+01f
15 85 1.511396e+02f
15 86 -6.833175e+01f
15 87 -1.094157e+02f
15 88 1.974326e+01f
15 89 -2.277168e+00f
16 84 -1.809796e+02f
16 85 9.416114e+00f
16 86 7.854050e+01f
16 87 1.569091e+01f
16 88 -1.111562e+02f
16 89 4.939093e+01f
17 84 1.719078e+02f
17 85 -9.857630e+01f
17 86 -4.217025e+01f
17 87 -6.423317e-01f
17 88 6.613679e+01f
17 89 -1.570464e+02f
12 204 -5.752863e+01f
12 205 -3.718036e+00f
12 206 2.381971e+01f
12 207 3.696145e+00f
12 208 -3.824331e+01f
12 209 2.107052e+00f
13 204 -7.990879e-01f
13 205 -1.122791e+02f
13 206 3.882586e+01f
13 207 6.466644e+01f
13 208 -1.061708e+01f
13 209 -2.914335e+01f
14 204 2.349117e+01f
14 205 3.933692e+01f
14 206 -2.275792e+01f
14 207 -2.315474e+01f
14 208 1.917184e+01f
14 209 9.385409e+00f
15 204 3.138127e+00f
15 205 6.591531e+01f
15 206 -2.394565e+01f
15 207 -4.127768e+01f
15 208 5.224169e+00f
15 209 8.675198e+00f
16 204 -3.684173e+01f
16 205 -1.129252e+01f
16 206 1.825607e+01f
16 207 4.756139e+00f
16 208 -2.768312e+01f
16 209 -8.061196e+00f
17 204 6.928489e+00f
17 205 -2.607216e+01f
17 206 6.031202e+00f
17 207 6.854589e+00f
17 208 -4.658427e+00f
17 209 -2.766588e+01f
12 306 -3.964939e+01f
12 307 1.565336e+01f
12 308 1.283271e+01f
12 309 5.637149e+00f
12 310 -1.645530e+01f
12 311 3.386834e+01f
13 306 1.548004e+01f
13 307 -6.818672e+01f
13 308 1.380005e+01f
13 309 4.495194e+01f
13 310 9.512543e+00f
13 311 -1.206443e+00f
14 306 1.327563e+01f
14 307 1.393724e+01f
14 308 -1.013418e+01f
14 309 -1.656758e+01f
14 310 4.496864e+00f
14 311 -1.523674e+01f
15 306 2.408869e+00f
15 307 4.032419e+01f
15 308 -1.354752e+01f
15 309 -3.440556e+01f
15 310 -3.216751e+00f
15 311 -1.620988e+01f
16 306 -1.625725e+01f
16 307 7.620810e+00f
16 308 4.673709e+00f
16 309 6.057644e-01f
16 310 -7.708484e+00f
16 311 1.159189e+01f
17 306 2.857890e+01f
17 307 -1.031955e+01f
17 308 -1.008972e+01f
17 309 -9.889064e+00f
17 310 7.516329e+00f
17 311 -3.650302e+01f
12 312 -3.187832e+02f
12 313 5.532486e+01f
12 314 1.184826e+02f
12 315 7.604385e+00f
12 316 -1.789073e+02f
12 317 1.043772e+02f
13 312 4.422985e+01f
13 313 -3.482865e+02f
13 314 8.757989e+01f
13 315 1.792771e+02f
13 316 -7.382963e+00f
13 317 -1.208650e+02f
14 312 1.258889e+02f
14 313 8.772397e+01f
14 314 -8.030543e+01f
14 315 -6.096323e+01f
14 316 8.107278e+01f
14 317 -6.815864e+00f
15 312 4.866123e+00f
15 313 1.897456e+02f
15 314 -6.006815e+01f
15 315 -1.218720e+02f
15 316 5.833117e+00f
15 317 8.900430e+00f
16 312 -1.909426e+02f
16 313 3.237661e+00f
16 314 8.008464e+01f
16 315 5.153861e+00f
16 316 -1.209244e+02f
16 317 1.729240e+01f
17 312 7.968766e+01f
17 313 -1.068086e+02f
17 314 -1.294582e+00f
17 315 -2.722325e-01f
17 316 1.812286e+00f
17 317 -1.672728e+02f
12 318 -2.362403e+01f
12 319 1.167973e+01f
12 320 6.527047e+00f
12 321 -6.833899e-01f
12 322 -1.023411e+01f
12 323 1.843543e+01f
13 318 9.458507e+00f
13 319 -5.715645e+01f
13 320 1.387929e+01f
13 321 2.812213e+01f
13 322 -1.480451e+00f
13 323 -2.544874e+01f
14 318 6.469620e+00f
14 319 1.319775e+01f
14 320 -6.992547e+00f
14 321 -8.631780e+00f
14 322 4.471569e+00f
14 323 3.009197e-01f
15 318 -9.081155e-01f
15 319 3.078817e+01f
15 320 -9.106332e+00f
15 321 -1.663112e+01f
15 322 2.474592e+00f
15 323 1.029659e+01f
16 318 -1.140313e+01f
16 319 2.071395e+00f
16 320 4.448172e+00f
16 321 1.269299e+00f
16 322 -5.535672e+00f
16 323 7.238383e+00f
17 318 1.306485e+01f
17 319 -1.830289e+01f
17 320 5.513255e-01f
17 321 5.251734e+00f
17 322 3.360443e+00f
17 323 -1.695424e+01f
12 456 -3.323091e+02f
12 457 6.009718e+01f
12 458 1.429117e+02f
12 459 -1.052111e+01f
12 460 -2.081791e+02f
12 461 6.332656e+01f
13 456 1.030055e+02f
13 457 -4.679383e+02f
13 458 1.105023e+02f
13 459 2.749920e+02f
13 460 3.714378e+01f
13 461 -9.989562e+01f
14 456 1.220718e+02f
14 457 1.290447e+02f
14 458 -1.047054e+02f
14 459 -8.754432e+01f
14 460 8.572492e+01f
14 461 3.772232e+00f
15 456 -4.442631e+01f
15 457 2.840200e+02f
15 458 -7.592588e+01f
15 459 -1.934209e+02f
15 460 -2.855798e+01f
15 461 6.661828e+00f
16 456 -2.109233e+02f
16 457 1.339507e+01f
16 458 9.932593e+01f
16 459 -9.607930e+00f
16 460 -1.462025e+02f
16 461 -7.350997e-01f
17 456 5.724942e+01f
17 457 -8.319523e+01f
17 458 6.461724e-01f
17 459 -7.147863e+00f
17 460 -5.683770e+00f
17 461 -1.321548e+02f
12 474 -8.953716e-01f
12 475 1.024306e-01f
12 476 3.503554e-01f
12 477 0.000000e+00f
12 478 -5.231515e-01f
12 479 1.536534e-01f
13 474 1.024306e-01f
13 475 -9.737062e-01f
13 476 2.397399e-01f
13 477 5.231515e-01f
13 478 0.000000e+00f
13 479 -2.230724e-01f
14 474 3.503554e-01f
14 475 2.397399e-01f
14 476 -2.199717e-01f
14 477 -1.536534e-01f
14 478 2.230724e-01f
14 479 0.000000e+00f
15 474 0.000000e+00f
15 475 5.231515e-01f
15 476 -1.536534e-01f
15 477 -3.340691e-01f
15 478 0.000000e+00f
15 479 0.000000e+00f
16 474 -5.231515e-01f
16 475 0.000000e+00f
16 476 2.230724e-01f
16 477 0.000000e+00f
16 478 -3.340691e-01f
16 479 0.000000e+00f
17 474 1.536534e-01f
17 475 -2.230724e-01f
17 476 0.000000e+00f
17 477 0.000000e+00f
17 478 0.000000e+00f
17 479 -3.340691e-01f
12 486 -3.697524e-01f
12 487 3.983143e-02f
12 488 1.645739e-01f
12 489 0.000000e+00f
12 490 -2.218294e-01f
12 491 5.578365e-02f
13 486 3.983143e-02f
13 487 -4.250887e-01f
13 488 8.526253e-02f
13 489 2.218294e-01f
13 490 0.000000e+00f
13 491 -1.048802e-01f
14 486 1.645739e-01f
14 487 8.526253e-02f
14 488 -1.012642e-01f
14 489 -5.578365e-02f
14 490 1.048802e-01f
14 491 0.000000e+00f
15 486 0.000000e+00f
15 487 2.218294e-01f
15 488 -5.578365e-02f
15 489 -1.426704e-01f
15 490 0.000000e+00f
15 491 0.000000e+00f
16 486 -2.218294e-01f
16 487 0.000000e+00f
16 488 1.048802e-01f
16 489 0.000000e+00f
16 490 -1.426704e-01f
16 491 0.000000e+00f
17 486 5.578365e-02f
17 487 -1.048802e-01f
17 488 0.000000e+00f
17 489 0.000000e+00f
17 490 0.000000e+00f
17 491 -1.426704e-01f
12 492 -5.624101e-01f
12 493 6.122735e-02f
12 494 2.354683e-01f
12 495 0.000000e+00f
12 496 -3.329203e-01f
12 497 8.832355e-02f
13 492 6.122735e-02f
13 493 -6.304535e-01f
13 494 1.365795e-01f
13 495 3.329203e-01f
13 496 0.000000e+00f
13 497 -1.493314e-01f
14 492 2.354683e-01f
14 493 1.365795e-01f
14 494 -1.432591e-01f
14 495 -8.832355e-02f
14 496 1.493314e-01f
14 497 0.000000e+00f
15 492 0.000000e+00f
15 493 3.329203e-01f
15 494 -8.832355e-02f
15 495 -2.125657e-01f
15 496 0.000000e+00f
15 497 0.000000e+00f
16 492 -3.329203e-01f
16 493 0.000000e+00f
16 494 1.493314e-01f
16 495 0.000000e+00f
16 496 -2.125657e-01f
16 497 0.000000e+00f
17 492 8.832355e-02f
17 493 -1.493314e-01f
17 494 0.000000e+00f
17 495 0.000000e+00f
17 496 0.000000e+00f
17 497 -2.125657e-01f
12 510 -1.270237e+00f
12 511 1.817006e-01f
12 512 5.617461e-01f
12 513 0.000000e+00f
12 514 -7.672808e-01f
12 515 2.489951e-01f
13 510 1.817006e-01f
13 511 -1.425651e+00f
13 512 3.725960e-01f
13 513 7.672808e-01f
13 514 0.000000e+00f
13 515 -3.738926e-01f
14 510 5.617461e-01f
14 511 3.725960e-01f
14 512 -3.971780e-01f
14 513 -2.489951e-01f
14 514 3.738926e-01f
14 515 0.000000e+00f
15 510 0.000000e+00f
15 511 7.672808e-01f
15 512 -2.489951e-01f
15 513 -5.129308e-01f
15 514 0.000000e+00f
15 515 0.000000e+00f
16 510 -7.672808e-01f
16 511 0.000000e+00f
16 512 3.738926e-01f
16 513 0.000000e+00f
16 514 -5.129308e-01f
16 515 0.000000e+00f
17 510 2.489951e-01f
17 511 -3.738926e-01f
17 512 0.000000e+00f
17 513 0.000000e+00f
17 514 0.000000e+00f
17 515 -5.129308e-01f
12 516 -2.322647e+00f
12 517 3.133532e-01f
12 518 9.502941e-01f
12 519 0.000000e+00f
12 520 -1.436236e+00f
12 521 4.737471e-01f
13 516 3.133532e-01f
13 517 -2.525962e+00f
13 518 6.908598e-01f
13 519 1.436236e+00f
13 520 0.000000e+00f
13 521 -6.514307e-01f
14 516 9.502941e-01f
14 517 6.908598e-01f
14 518 -6.590781e-01f
14 519 -4.737471e-01f
14 520 6.514307e-01f
14 521 0.000000e+00f
15 516 0.000000e+00f
15 517 1.436236e+00f
15 518 -4.737471e-01f
15 519 -9.848816e-01f
15 520 0.000000e+00f
15 521 0.000000e+00f
16 516 -1.436236e+00f
16 517 0.000000e+00f
16 518 6.514307e-01f
16 519 0.000000e+00f
16 520 -9.848816e-01f
16 521 0.000000e+00f
17 516 4.737471e-01f
17 517 -6.514307e-01f
17 518 0.000000e+00f
17 519 0.000000e+00f
17 520 0.000000e+00f
17 521 -9.848816e-01f
12 522 -1.649460e+00f
12 523 1.925422e-01f
12 524 5.754583e-01f
12 525 0.000000e+00f
12 526 -1.006884e+00f
12 527 3.369830e-01f
13 522 1.925422e-01f
13 523 -1.711253e+00f
13 524 4.964526e-01f
13 525 1.006884e+00f
13 526 0.000000e+00f
13 527 -3.918761e-01f
14 522 5.754583e-01f
14 523 4.964526e-01f
14 524 -3.941151e-01f
14 525 -3.369830e-01f
14 526 3.918761e-01f
14 527 0.000000e+00f
15 522 0.000000e+00f
15 523 1.006884e+00f
15 524 -3.369830e-01f
15 525 -6.838183e-01f
15 526 0.000000e+00f
15 527 0.000000e+00f
16 522 -1.006884e+00f
16 523 0.000000e+00f
16 524 3.918761e-01f
16 525 0.000000e+00f
16 526 -6.838183e-01f
16 527 0.000000e+00f
17 522 3.369830e-01f
17 523 -3.918761e-01f
17 524 0.000000e+00f
17 525 0.000000e+00f
17 526 0.000000e+00f
17 527 -6.838183e-01f
12 534 -5.965206e-01f
12 535 5.510902e-02f
12 536 2.070734e-01f
12 537 0.000000e+00f
12 538 -3.760488e-01f
12 539 9.525691e-02f
13 534 5.510902e-02f
13 535 -6.376345e-01f
13 536 1.400813e-01f
13 537 3.760488e-01f
13 538 0.000000e+00f
13 539 -1.403365e-01f
14 534 2.070734e-01f
14 535 1.400813e-01f
14 536 -1.182879e-01f
14 537 -9.525691e-02f
14 538 1.403365e-01f
14 539 0.000000e+00f
15 534 0.000000e+00f
15 535 3.760488e-01f
15 536 -9.525691e-02f
15 537 -2.536653e-01f
15 538 0.000000e+00f
15 539 0.000000e+00f
16 534 -3.760488e-01f
16 535 0.000000e+00f
16 536 1.403365e-01f
16 537 0.000000e+00f
16 538 -2.536653e-01f
16 539 0.000000e+00f
17 534 9.525691e-02f
17 535 -1.403365e-01f
17 536 0.000000e+00f
17 537 0.000000e+00f
17 538 0.000000e+00f
17 539 -2.536653e-01f
12 570 -1.950888e+00f
12 571 2.932007e-01f
12 572 8.052030e-01f
12 573 0.000000e+00f
12 574 -1.227567e+00f
12 575 4.462641e-01f
13 570 2.932007e-01f
13 571 -2.099843e+00f
13 572 6.248383e-01f
13 573 1.227567e+00f
13 574 0.000000e+00f
13 575 -5.745078e-01f
14 570 8.052030e-01f
14 571 6.248383e-01f
14 572 -6.054133e-01f
14 573 -4.462641e-01f
14 574 5.745078e-01f
14 575 0.000000e+00f
15 570 0.000000e+00f
15 571 1.227567e+00f
15 572 -4.462641e-01f
15 573 -8.753991e-01f
15 574 0.000000e+00f
15 575 0.000000e+00f
16 570 -1.227567e+00f
16 571 0.000000e+00f
16 572 5.745078e-01f
16 573 0.000000e+00f
16 574 -8.753991e-01f
16 575 0.000000e+00f
17 570 4.462641e-01f
17 571 -5.745078e-01f
17 572 0.000000e+00f
17 573 0.000000e+00f
17 574 0.000000e+00f
17 575 -8.753991e-01f
18 18 3.039276e+03f
18 19 -7.320990e+01f
18 20 -6.606582e+02f
18 21 -2.320211e+01f
18 22 2.005455e+03f
18 23 -3.348874e+02f
19 18 -7.320990e+01f
19 19 3.016053e+03f
19 20 -6.745545e+02f
19 21 -1.984443e+03f
19 22 3.371603e+01f
19 23 3.672731e+02f
20 18 -6.606582e+02f
20 19 -6.745545e+02f
20 20 3.051584e+02f
20 21 4.595529e+02f
20 22 -4.550045e+02f
20 23 -1.029808e+01f
21 18 -2.320211e+01f
21 19 -1.984443e+03f
21 20 4.595529e+02f
21 21 1.367636e+03f
21 22 -8.754946e+00f
21 23 3.121792e+01f
22 18 2.005455e+03f
22 19 3.371603e+01f
22 20 -4.550045e+02f
22 21 -8.754946e+00f
22 22 1.389119e+03f
22 23 6.197585e+01f
23 18 -3.348874e+02f
23 19 3.672731e+02f
23 20 -1.029808e+01f
23 21 3.121792e+01f
23 22 6.197585e+01f
23 23 1.272820e+03f
18 24 -7.172472e+02f
18 25 -5.337922e+01f
18 26 1.491653e+02f
18 27 5.599501e+01f
18 28 -4.732742e+02f
18 29 9.813492e+01f
19 24 3.124452e-01f
19 25 -9.165086e+02f
19 26 2.146969e+02f
19 27 6.133204e+02f
19 28 -2.524397e+01f
19 29 -1.091478e+02f
20 24 1.505986e+02f
20 25 2.235438e+02f
20 26 -8.130195e+01f
20 27 -1.539283e+02f
20 28 1.051918e+02f
20 29 4.237813e+00f
21 24 2.124654e+01f
21 25 6.242464e+02f
21 26 -1.501976e+02f
21 27 -4.305393e+02f
21 28 1.660599e+01f
21 29 8.218197e+00f
22 24 -4.694410e+02f
22 25 -4.602428e+01f
22 26 1.003639e+02f
22 27 3.071121e+01f
22 28 -3.264283e+02f
22 29 -6.820927e+00f
23 24 1.044511e+02f
23 25 -3.911912e+01f
23 26 -1.019947e+01f
23 27 -3.441535e+01f
23 28 -2.616379e+00f
23 29 -3.204890e+02f
18 30 -2.044691e+02f
18 31 -4.874517e+01f
18 32 6.338506e+01f
18 33 3.851580e+01f
18 34 -1.359013e+02f
18 35 1.965493e+01f
19 30 -5.992070e+01f
